AWC67527.1	TRINITY_DN55899_c0_g1_i1	48.582	282	145	0	2	283	65	910	1.47e-95	288
AWC67527.1	TRINITY_DN11464_c0_g1_i2	39.024	41	25	0	146	186	179	57	0.16	35.0
AWC67527.1	TRINITY_DN10443_c0_g1_i4	38.462	39	24	0	146	184	1014	1130	0.51	33.9
AWC67527.1	TRINITY_DN835_c1_g2_i1	38.889	36	22	0	146	181	259	152	0.63	32.7
AWC67527.1	TRINITY_DN835_c1_g2_i2	38.889	36	22	0	146	181	903	796	2.0	32.0
AWC67527.1	TRINITY_DN11464_c0_g1_i6	38.889	36	22	0	146	181	1497	1390	4.2	31.2
AWC67527.1	TRINITY_DN40912_c0_g1_i1	35.593	59	33	3	128	185	45	209	4.6	29.3
AWC67527.1	TRINITY_DN5194_c1_g1_i2	33.333	54	35	1	144	197	850	692	5.6	30.4
AWC67527.1	TRINITY_DN4229_c1_g1_i1	36.842	38	24	0	146	183	1383	1270	5.8	30.4
AWC67527.1	TRINITY_DN5442_c0_g1_i12	32.787	61	36	2	98	158	570	737	6.4	30.4
AWC67527.1	TRINITY_DN48217_c0_g1_i1	37.143	35	22	0	70	104	470	574	6.8	30.0
AWC67527.1	TRINITY_DN5442_c0_g1_i25	32.787	61	36	2	98	158	1268	1435	7.0	30.4
AWC67527.1	TRINITY_DN7216_c1_g2_i2	36.364	44	28	0	103	146	810	679	8.5	30.0
AWC67527.1	TRINITY_DN7395_c1_g2_i1	35.294	51	33	0	87	137	137	289	8.8	28.5
